2 0
0 2
4 3
7 5
5 6
7 8
8 9
13 10
1011088 10
10 11
13 11
10 12
13 12
10 13
14 15
14 16
2043469 16
16 17
1892531 17
2043469 17
19 18
20 18
18 19
20 19
18 20
19 20
21 20
641456 20
2352328 20
23 22
24 22
26 22
25 23
26 23
22 24
25 24
26 24
22 25
23 25
24 25
26 25
22 26
23 26
24 26
25 26
27 26
2221650 26
2221995 26
2221908 27
28 29
411664 29
31 30
32 30
33 30
1797465 30
3311849 30
30 31
32 31
3311849 31
30 32
31 32
33 32
3311849 32
30 33
32 33
3311849 33
38 34
54 34
38 35
54 35
38 36
54 36
38 37
54 37
34 38
35 38
36 38
37 38
39 38
40 38
41 38
42 38
43 38
44 38
45 38
46 38
47 38
48 38
49 38
50 38
51 38
63 38
77 38
90 38
91 38
1271822 38
2979049 38
38 39
54 39
38 40
54 40
38 41
54 41
38 42
54 42
38 43
54 43
38 44
54 44
38 45
54 45
38 46
54 46
38 47
54 47
38 48
54 48
38 49
54 49
38 50
54 50
38 51
54 51
51 52
53 52
55 52
54 53
64 53
1853848 54
54 55
64 55
54 56
64 56
54 57
64 57
54 58
64 58
54 59
64 59
54 60
64 60
54 61
64 61
54 62
64 62
78 62
38 63
54 63
64 63
53 64
55 64
56 64
57 64
58 64
59 64
60 64
61 64
62 64
63 64
65 64
66 64
67 64
68 64
69 64
70 64
71 64
72 64
73 64
74 64
76 64
79 64
80 64
88 64
42272 64
818520 64
2978019 64
54 65
64 65
54 66
64 66
54 67
64 67
54 68
64 68
54 69
64 69
54 70
64 70
54 71
64 71
54 72
64 72
54 73
64 73
86 73
38 75
52 75
54 75
64 75
74 75
78 75
84 75
95 75
1310356 75
1585323 75
1586555 75
1604907 75
1605518 75
2526765 75
2974366 75
2975053 75
2975887 75
2975888 75
2977149 75
2978019 75
2979483 75
4189205 75
54 76
64 76
38 77
54 77
78 77
83 77
38 78
52 78
54 78
64 78
82 78
87 78
92 78
93 78
1853848 78
2183222 78
2977916 78
2977954 78
2978019 78
2978097 78
2978106 78
2979049 78
54 79
64 79
78 79
54 80
64 80
302195 80
64 81
78 81
114463 81
1271868 81
2372102 81
2834453 81
2955125 81
2957473 81
78 82
83 82
1367998 82
1605799 82
2508772 82
2978019 82
77 83
78 83
94 83
2978019 83
2979049 83
74 84
85 84
2977827 84
2978106 84
2981310 84
2983689 85
88 87
54 88
64 88
89 88
38 90
54 90
38 91
54 91
76 92
90 92
91 92
93 92
95 94
94 95
96 97
96 98
415623 98
421560 98
454643 98
455146 98
409795 99
415310 99
409795 100
414383 100
409795 101
410912 101
102 103
1257409 103
105 104
3068154 104
106 107
2723807 107
106 108
279062 108
279538 108
279588 108
279693 108
280705 108
4173400 108
110 109
113 109
114 109
115 109
116 109
117 109
118 109
119 109
120 109
121 109
4200880 109
111 110
112 110
114 110
116 110
117 110
110 111
113 111
115 111
117 111
110 112
113 112
114 112
115 112
116 112
117 112
118 112
119 112
120 112
121 112
111 113
112 113
114 113
117 113
110 114
112 114
113 114
115 114
118 114
111 115
112 115
114 115
116 115
117 115
110 116
112 116
113 116
115 116
118 116
109 117
110 117
111 117
112 117
113 117
115 117
109 118
112 118
114 118
116 118
119 118
120 118
121 118
109 119
112 119
118 119
123 119
109 120
112 120
118 120
123 120
109 121
112 121
118 121
123 121
118 122
119 122
121 122
123 122
124 122
109 123
112 123
119 123
120 123
121 123
122 123
124 123
122 124
126 125
127 125
128 125
129 125
130 125
131 125
2536573 125
125 126
127 126
128 126
129 126
130 126
131 126
2536573 126
125 127
126 127
128 127
129 127
130 127
131 127
2536573 127
125 128
126 128
127 128
129 128
130 128
131 128
2536573 128
125 129
126 129
127 129
128 129
130 129
131 129
2536573 129
125 130
126 130
127 130
128 130
129 130
131 130
2536573 130
2538355 130
125 131
126 131
127 131
128 131
129 131
130 131
2536573 131
139 132
139 133
139 134
139 135
139 136
139 137
139 138
139 140
139 141
139 142
283395 142
284398 142
144 143
2317569 143
146 145
147 145
148 145
149 145
150 145
145 147
146 147
148 147
149 147
150 147
145 148
146 148
147 148
149 148
150 148
145 149
147 149
148 149
410806 149
420708 149
145 150
146 150
147 150
148 150
149 150
408202 150
409224 150
1195869 150
153 151
151 152
153 154
160426 154
153 155
155 156
157 158
160 159
1195603 159
162 161
164 161
161 162
164 163
166 163
2252924 163
161 164
163 164
165 164
164 165
166 165
163 166
164 166
974510 166
3376455 167
167 168
167 169
170 171
170 172
1983736 172
1983978 172
3098762 172
3125732 172
3125846 172
3127046 172
3127047 172
173 174
175 176
667040 176
178 177
177 178
3624338 178
181 179
4177838 179
179 180
181 180
179 181
180 181
183 182
184 182
182 183
184 183
182 184
183 184
3625217 184
186 185
191 185
185 186
187 186
186 187
188 187
187 188
190 189
191 189
2113999 189
189 190
185 191
190 191
193 192
2124134 192
192 193
195 194
196 197
199 198
200 198
210324 198
3459597 198
198 199
200 199
210324 199
198 200
199 200
210324 200
201 202
201 203
201 204
206 205
570565 205
570565 206
207 208
210 209
211 212
211 213
214 215
217 216
216 217
219 218
931620 218
221 220
223 222
225 224
224 225
227 226
226 227
229 228
231 230
231 232
233 234
236 235
235 236
238 237
240 239
239 241
239 242
240 242
3303739 242
3303741 242
244 243
246 245
247 248
250 249
251 249
252 249
253 249
249 250
251 250
252 250
253 250
249 251
250 251
252 251
253 251
249 252
250 252
251 252
253 252
1775138 253
3034732 253
255 254
414765 254
254 255
414765 255
256 257
259 258
261 260
3074766 260
260 261
263 262
265 264
414964 264
264 265
414964 265
266 267
269 268
271 270
273 272
272 273
275 274
274 275
277 276
278 276
279 276
276 277
276 278
277 278
279 278
278 279
281 282
283 282
284 282
1154852 282
2808795 282
3908522 282
281 283
282 283
284 283
2808795 283
282 284
542489 284
2808795 284
281 285
35934 285
281 286
544318 286
1017379 286
1018814 286
1533486 286
1533792 286
1538365 286
3190329 286
3900060 286
3900061 286
287 288
1500175 288
1500366 288
1500486 288
1673949 288
291 289
542338 289
542976 289
291 290
542338 290
543313 290
544500 291
293 292
294 292
961920 292
292 293
189655 294
189752 294
266947 294
894796 294
294 295
301 295
1521190 295
1537806 295
2198674 295
3063477 295
3945547 295
294 296
295 296
297 296
298 296
542116 296
543311 296
1521190 296
294 297
295 297
298 297
542118 297
1521190 297
294 298
295 298
297 298
540834 298
542118 298
542271 298
544518 298
294 299
547235 299
2235390 299
298 300
17189 300
17213 300
18265 300
19992 300
20470 300
20471 300
24149 300
126120 301
680870 301
2558672 302
302 303
302 304
1524850 304
1921902 304
2742966 304
2791019 304
4148832 304
302 305
306 305
1187556 305
1706846 305
1708137 305
1708789 305
1937439 305
2932662 305
2932776 305
308 307
309 307
310 307
313 307
174790 307
210088 307
258925 307
320045 307
540649 307
553971 307
919019 307
1039245 307
1254059 307
1829492 307
2011748 307
2043435 307
2060479 307
2329287 307
2615910 307
2841723 307
2946734 307
2946766 307
2956681 307
307 308
1706702 310
310 311
312 311
1971780 311
1972423 311
1979772 311
1980414 311
1980797 311
3114664 311
3114674 311
311 312
3739069 313
1219887 314
314 315
3824980 315
314 316
542638 316
314 317
318 317
2047333 317
2047366 317
317 318
1720587 318
2047332 318
2047333 318
2047337 318
2047366 318
3198292 318
3198293 318
3771967 318
320 319
321 319
2998120 319
3001546 319
3001663 319
3009088 319
3009286 319
319 320
321 320
242895 320
1582776 320
2313647 320
2998120 320
3009088 320
3026505 320
319 321
320 321
327 321
328 321
2998760 321
2999942 321
3006005 321
3006006 321
3006116 321
3009088 321
4119181 321
2038428 322
2043816 322
3000932 322
3001670 322
3009286 322
3080809 322
322 323
2043816 323
2402035 323
2899899 323
2998791 323
3000961 323
3000962 323
3001670 323
319 324
320 324
322 324
325 324
326 324
327 324
2998791 324
3009088 324
3009286 324
4119181 324
327 325
2400920 325
2465985 325
3001076 325
3002316 325
3009286 325
3009314 325
3008523 326
322 327
324 327
325 327
326 327
328 327
330 327
296516 327
2203905 327
2670418 327
2994643 327
2996677 327
2996681 327
3000802 327
3001076 327
3001869 327
3003948 327
3003997 327
3004387 327
3005339 327
3009088 327
3009860 327
3023629 327
3360053 327
3512742 327
3630509 327
4119181 327
321 328
2999942 328
3005260 328
3006005 328
3006006 328
328 329
1855177 329
2372056 329
3000696 329
3016473 329
2147108 330
3005658 330
3005672 330
3009572 330
330 331
3005664 331
3009067 331
3009573 331
3009580 331
3009581 331
3009593 331
3009594 331
3009607 331
3011314 331
3975240 331
332 333
4024981 333
332 334
333 334
335 334
336 334
337 334
32619 334
32700 334
42243 334
42244 334
540365 334
540650 334
541563 334
542028 334
542880 334
545215 334
548597 334
550101 334
550524 334
550557 334
975707 334
1086268 334
2725731 334
3531356 334
3758126 334
4024981 334
332 335
336 335
43411 335
3531356 335
1005438 336
1140296 337
339 338
340 338
1592526 338
2843577 338
3323632 338
546246 339
2569913 340
342 341
341 342
210344 342
306663 342
2008524 342
341 343
16589 343
18773 343
30480 343
192444 343
543816 343
1909380 343
3506269 343
341 344
22682 344
345 346
1551688 346
348 347
1253739 347
347 348
544037 348
1253739 348
1921963 348
2046321 348
548486 349
1621365 349
3575158 349
349 350
548486 350
3575158 350
349 351
350 351
72554 351
145098 351
315945 351
548486 351
681404 351
3340477 351
3410200 351
4169700 351
353 352
984333 352
358 357
359 357
360 357
361 357
363 357
364 357
2512023 357
2892548 357
2900420 357
2902022 357
2902455 357
2902464 357
2902465 357
2902466 357
2902467 357
2902487 357
2902528 357
2904962 357
3555207 357
3880798 357
360 359
361 359
362 359
1479203 359
2902328 359
2902464 359
2902466 359
357 360
358 360
361 360
357 361
358 361
360 361
359 362
2902328 362
2902466 363
366 365
367 365
542029 365
3828052 365
3830469 365
367 366
542029 366
3828052 366
366 367
368 369
1393 369
545644 369
1758855 369
368 370
369 370
368 371
369 371
540837 371
545644 371
4051154 371
541330 372
372 373
651734 373
373 374
375 374
1534015 374
1795579 375
375 376
354188 376
1649747 376
3210208 376
3210882 376
378 377
379 378
29833 378
546201 378
943814 378
1067085 378
1433105 378
1898529 378
1916004 378
2024467 378
1655085 379
378 380
3963638 380
382 381
383 381
384 381
35926 381
547631 381
927317 381
4083276 381
4083313 381
381 383
382 383
384 383
543243 383
1508032 383
1541076 383
3048759 383
3989832 383
381 384
382 384
383 384
543358 384
545547 384
546318 384
546675 384
546715 384
2053568 384
2671252 384
3023379 384
385 386
387 386
928858 386
386 387
14136 387
1284315 387
1284316 387
388 389
390 389
2370715 389
3457752 389
388 390
389 390
391 390
491560 390
650148 390
827946 390
928860 390
1567006 390
1940436 390
2038019 390
2108454 390
2486613 390
2785022 390
2786004 390
3001672 390
3001704 390
3017491 390
3218533 390
3560455 390
3694103 390
3864400 390
1575044 391
2052036 391
2786294 391
394 392
395 392
550451 392
4050035 392
392 393
394 393
395 393
540136 393
393 394
395 394
540136 394
392 395
394 395
550458 395
3244561 395
3742461 395
3742804 395
398 396
540651 396
540652 396
542368 396
398 397
540651 397
543173 397
396 398
540651 398
2515780 398
2515781 398
4030999 398
398 399
540651 399
542340 399
400 401
2208948 401
3192437 401
400 402
406 402
756607 402
756609 402
2039643 402
4071920 402
400 403
491738 403
491739 403
2480121 403
406 404
531552 404
685775 404
840449 404
2011459 404
2051360 404
2059997 404
2060023 404
402 406
404 406
405 406
531552 406
2059776 406
542130 407
409 408
410 408
425 408
882330 408
408 409
410 409
408 410
541656 410
833402 410
408 411
409 411
412 411
425 411
274012 411
274013 411
274091 411
274105 411
276058 411
864660 411
882780 411
408 413
425 413
273930 413
274227 413
884816 413
415 414
408 415
414 415
425 415
273988 415
274103 415
884838 415
425 416
274023 416
274291 416
1173866 416
3412758 416
416 417
425 417
274291 417
419 418
884049 418
408 419
418 419
425 419
186422 419
274105 419
879675 419
425 420
436 420
273914 420
273915 420
274119 420
274733 420
641999 420
884827 420
425 421
425 422
274291 422
884852 422
884857 422
425 423
274291 423
425 424
274309 424
274334 424
411 425
413 425
415 425
428 425
430 425
273393 425
273394 425
273895 425
274019 425
274020 425
274291 425
274292 425
274731 425
275493 425
275507 425
275891 425
276055 425
276249 425
276521 425
276545 425
882330 425
882433 425
883055 425
884807 425
885222 425
1429580 425
3435831 425
425 426
188544 426
274291 426
884804 426
425 427
273549 427
273620 427
274291 427
425 428
864660 428
882921 428
425 429
274291 429
274646 429
884849 429
425 431
425 432
273810 432
3888493 432
425 433
274291 433
425 434
425 435
420 436
274119 436
884827 436
1373353 436
2037646 437
2756938 437
437 438
660722 438
2042722 438
2045947 438
2053829 438
540887 439
36352 442
443 444
447 445
3089336 445
443 446
1798173 446
3301857 446
3303441 446
3534157 446
4103615 446
443 447
446 447
979284 447
1512384 447
3286129 447
3303441 447
3385664 447
3534157 447
449 448
448 449
450 451
3960777 451
450 452
239755 452
243680 452
453 454
311807 454
2037991 454
453 455
456 455
205180 455
1758017 455
455 456
191494 456
1049417 456
1075743 456
1659384 456
1758017 456
2038611 456
2038630 456
2039172 456
2730930 456
3805976 456
457 458
459 458
542489 458
547307 458
604998 458
2730314 458
3059574 458
461 460
542342 460
542801 460
1696750 460
542342 461
58358 462
462 463
464 463
209681 463
542342 463
463 464
542342 464
3249754 464
465 466
1798166 466
2181421 466
467 468
452975 468
1157536 468
1184483 468
467 469
470 469
393309 469
395929 469
3248475 469
4189180 469
398543 470
399096 470
2869222 470
472 471
15223 471
471 472
15223 472
15471 472
16315 472
2548073 473
473 474
473 475
651653 475
1532243 475
3930717 475
477 476
478 476
479 476
480 476
548729 476
548831 476
549739 476
2890749 476
3599812 476
3600069 476
3600082 476
549739 478
549845 478
2857140 479
3596297 479
484 483
81296 483
796128 483
1711499 483
3506556 483
4196715 483
487 485
489 485
491 485
548487 485
548596 485
549744 485
1768486 485
1769041 485
1769218 485
2630425 485
485 486
488 486
489 486
547336 487
485 488
486 488
489 488
485 489
486 489
487 489
488 489
490 489
141654 489
467857 489
469280 489
548487 489
548937 489
667132 489
959924 489
1338216 489
1464808 489
1768454 489
1768486 489
1769041 489
1769218 489
1769235 489
1770677 489
2044383 489
2052196 489
3027119 489
3531371 489
3864782 489
3963268 489
1490441 490
2251093 490
570646 491
494 492
1775202 492
494 493
1533733 493
922096 494
494 495
1539693 495
1803322 495
3267763 495
3529426 495
3778515 495
494 496
2022227 496
397783 497
404949 497
497 498
450687 498
2106389 498
1727757 500
500 501
43347 501
541138 501
897239 501
503 502
742069 502
743336 502
2537752 502
3479181 502
502 503
504 503
742069 503
503 504
717958 504
742069 504
717958 505
742069 505
744114 505
505 506
739415 506
742069 506
743336 506
2547561 506
542631 507
2728905 507
509 508
2993851 508
513 509
326778 509
543117 509
551187 509
1660311 509
2055086 509
2184305 509
2199667 509
2335990 509
2600396 509
3310585 509
3670998 509
3725775 509
4152543 509
509 510
510 512
511 512
245354 512
631548 512
2334626 512
3671308 512
2639387 513
517 514
3935859 514
514 515
514 516
187706 516
284457 516
4131672 516
514 517
514 518
1347325 518
1349580 518
1349957 518
1383226 518
4108856 518
519 520
3118887 520
3124698 520
519 521
519 522
1695821 522
519 523
524 523
620577 523
885019 523
2052316 523
2053462 523
682735 524
690568 524
526 525
527 525
528 525
529 525
25060 525
261654 525
486683 525
488187 525
651982 525
652367 525
1296772 525
1569049 525
2037986 525
2051302 525
2054224 525
2055575 525
2055995 525
2060091 525
2108439 525
2202089 525
2657046 525
3210762 525
3213711 525
3214990 525
3215050 525
3215658 525
3221234 525
3240838 525
3346204 525
3799186 525
4003898 525
674505 526
1568253 526
2023385 526
2054148 526
2199664 526
3210015 526
3210762 526
3212529 526
3214967 526
525 527
25060 527
4003898 527
525 528
649281 528
2657046 528
2056737 529
531 530
532 530
2043641 530
2777773 532
534 533
533 534
3327613 534
533 535
534 535
536 535
537 535
540326 535
540516 535
548489 535
864976 535
2145283 535
2158106 535
3185579 535
3185747 535
4121810 535
270077 537
2183835 537
3356642 537
1912094 538
538 539
540 539
541 539
542 539
50339 539
50422 539
56926 539
57258 539
158071 539
1771722 539
2325288 539
53445 540
549956 540
550463 540
539 541
540 541
50307 541
269749 541
548490 541
2433199 541
2975119 541
157906 542
158071 542
159117 542
3126341 542
544 543
546 543
547 543
549 543
62949 543
64498 543
65582 543
66407 543
74289 543
87730 543
87810 543
1021710 543
1422846 543
65462 544
543 545
63767 545
66407 545
87139 545
115712 546
543 547
546 547
71092 547
87700 547
2041297 547
2755981 547
3193962 547
3373048 547
547 548
543 549
71790 549
551 550
113923 550
548826 550
3902184 550
542790 551
555 552
552 553
118591 553
555 554
208556 554
669540 554
669541 554
669542 554
669646 554
2219585 554
2219891 554
3115979 554
557 556
3401712 556
3460036 556
559 557
3401995 557
559 558
129595 558
542112 558
920097 558
2101434 558
2631917 558
3720561 558
542130 559
547324 559
2381912 559
542018 560
826340 561
561 562
563 562
540745 562
541062 562
543896 562
561 564
125530 564
199973 564
267869 564
543433 564
543637 564
544293 564
831469 564
1533459 564
1696770 564
422707 565
542050 567
542050 568
570 569
541738 569
542471 569
544522 569
542051 571
573 572
541779 572
542180 572
575 574
302677 575
542608 575
542859 575
1017670 575
2037232 575
575 576
189437 576
542166 576
577 578
175900 578
187120 578
542922 578
870599 578
1534244 578
1535107 578
3297209 578
3956317 578
578 579
733741 579
733757 579
1912433 579
3755938 579
4003833 579
579 580
3755938 580
582 581
583 581
586 581
48835 581
581 582
586 583
589 583
2691466 583
583 584
586 584
36330 584
586 585
55036 585
583 586
589 586
634589 586
1392429 586
4130631 586
586 587
14971 587
15957 587
16729 587
749005 587
583 588
397922 588
397947 588
474657 588
4196292 588
583 589
586 589
1407321 589
3288018 589
590 591
1131306 591
590 592
593 594
192859 594
616853 594
593 595
2776165 595
4140355 595
4145590 595
4152022 595
1121102 596
1126965 596
596 597
650140 597
1568751 597
2037906 597
2050525 597
2053883 597
2740981 597
3507673 597
603 598
34985 598
36231 598
1136722 598
598 599
600 599
32969 599
33664 599
36193 599
36197 599
2675121 599
598 600
599 600
601 600
602 600
33497 600
34985 600
36231 600
2590785 600
2675121 600
2675129 600
598 601
599 601
600 601
33664 601
36202 601
36736 601
548249 601
2675121 601
2675129 601
33661 602
33741 602
547573 603
547621 603
2591030 603
605 604
1963 604
35978 604
547549 604
1157810 604
3187993 604
36383 605
605 606
36383 606
36390 606
607 608
3588099 608
607 609
43691 609
609 610
35926 610
43691 610
547393 610
547586 610
548380 610
3293848 610
3369552 611
611 612
893894 612
613 614
616 615
548978 615
615 616
545762 616
545842 616
546771 616
2683193 616
3556476 616
617 618
617 619
4068947 619
4069409 619
617 620
546085 620
546091 620
546159 620
674856 620
3779689 620
4071411 620
4162998 620
621 622
3776639 622
3783902 622
3466528 623
623 624
543534 624
2470834 625
2697965 625
3209483 625
3210058 625
3210317 625
3210806 625
625 628
626 628
627 628
629 628
631 628
632 628
633 628
635 628
215079 628
307242 628
554356 628
661048 628
662013 628
752499 628
794087 628
868638 628
1460953 628
1539052 628
1689332 628
2470834 628
2559847 628
2559849 628
2560349 628
2900604 628
3073564 628
3210260 628
3212226 628
3212267 628
3212356 628
3212363 628
3215035 628
3375489 628
3815699 628
628 629
628 630
2900456 630
2900604 630
2900605 630
2901318 630
2903729 630
628 631
1398706 631
2254999 631
3211179 631
1792571 632
1792573 632
632 633
634 633
546384 633
1613447 633
1664518 633
2382465 633
2400656 633
3653819 635
637 636
542342 636
638 640
639 640
641 640
540708 640
2562766 640
2960081 640
2970464 640
2970498 640
2977978 640
2978083 640
2975107 641
1540026 642
2619452 642
642 643
644 643
645 643
646 643
647 643
650 643
651 643
652 643
654 643
657 643
76722 643
76840 643
76985 643
77205 643
131894 643
131920 643
376796 643
376913 643
381490 643
381577 643
381618 643
383108 643
383168 643
385867 643
390546 643
391166 643
393198 643
393533 643
405828 643
410487 643
414916 643
444186 643
502795 643
507557 643
509800 643
548185 643
555775 643
574737 643
854360 643
984192 643
1017462 643
1180289 643
1185232 643
1185233 643
1185388 643
1186475 643
1186788 643
1212061 643
1233102 643
1510851 643
1537769 643
1540026 643
1540709 643
1542569 643
1543432 643
1555855 643
1969854 643
2132192 643
2514820 643
2810093 643
2847730 643
2870930 643
2871022 643
2871148 643
2871351 643
2871404 643
2904011 643
3069569 643
3069570 643
3069576 643
3289152 643
3289605 643
3304297 643
3342525 643
3519396 643
3542847 643
3552624 643
3565834 643
3622090 643
3629030 643
3629492 643
3629552 643
3683385 643
3736810 643
3737026 643
3737161 643
3741376 643
3782887 643
3836336 643
3967449 643
4121856 643
642 644
643 644
645 644
646 644
647 644
651 644
654 644
657 644
76171 644
76232 644
76249 644
390546 644
393313 644
393351 644
414916 644
434482 644
444186 644
479560 644
502795 644
548185 644
823462 644
1140012 644
1180289 644
1184354 644
1184471 644
1185232 644
1185233 644
1212061 644
1221743 644
1537768 644
1537769 644
1540026 644
1543202 644
1543330 644
1543432 644
1768685 644
2038459 644
2847730 644
2870930 644
2870931 644
2871022 644
2871148 644
3289605 644
3304297 644
3342451 644
3342525 644
3342558 644
3519396 644
3736810 644
3737026 644
3737161 644
4121856 644
646 645
647 645
1185232 645
1185233 645
1188002 645
2205413 645
2619000 645
643 646
647 646
327487 646
393308 646
1185232 646
1185233 646
3527824 646
643 647
646 647
393314 647
1185233 647
2043646 648
645 649
646 649
393308 649
397830 649
397912 649
459233 649
497328 649
508026 649
511211 649
1185232 649
1838437 649
2038452 649
2038956 649
405281 650
414496 650
428375 650
1181049 650
1186451 650
3840643 650
419997 651
513397 651
854428 651
947320 651
1003534 651
1147099 651
1196552 651
1212706 651
1232679 651
1247120 651
1402091 651
1537720 651
1541051 651
1675257 651
1804430 651
1804538 651
1919637 651
2248743 651
2383503 651
2481462 651
2871351 651
3190189 651
3251062 651
3263788 651
3291002 651
3380077 651
3523087 651
3526663 651
3527294 651
3638384 651
3638386 651
3756965 651
3795669 651
4018204 651
4091050 651
4129519 651
71161 652
2871404 652
654 653
1155108 653
2814235 653
3302700 653
3520695 653
643 654
393314 654
403961 654
1186439 654
3342585 654
4134004 654
658 655
829688 655
1184921 655
2394221 655
3780194 655
655 656
657 656
659 656
663 656
664 656
390546 656
399120 656
459233 656
459236 656
1212061 656
1800682 656
1800750 656
2374737 656
2387504 656
2620508 656
3342591 656
3519316 656
3526704 656
3527169 656
3846172 656
4019919 656
656 657
390546 657
1212061 657
659 658
663 658
669 658
390546 658
1212061 658
1214091 658
1541124 658
1804197 658
1820236 658
2870933 658
3736708 658
4018297 658
4019166 658
663 659
390546 659
1212061 659
656 660
657 660
658 660
659 660
661 660
662 660
663 660
664 660
666 660
670 660
390546 660
1212061 660
1539327 660
1801710 660
662 661
663 661
160860 661
390546 661
1212061 661
656 662
657 662
658 662
659 662
660 662
661 662
663 662
664 662
390546 662
1212061 662
2610497 662
3959987 662
4019909 662
658 663
659 663
376859 663
383259 663
390546 663
404347 663
562864 663
1212061 663
2618919 663
2870933 663
3526574 663
3527293 663
3623565 663
657 664
666 664
668 664
672 664
62992 664
66449 664
202781 664
319451 664
337377 664
390546 664
391816 664
392361 664
543770 664
574436 664
867487 664
1008273 664
1008832 664
1010628 664
1086366 664
1088176 664
1184491 664
1185280 664
1186723 664
1191992 664
1209471 664
1212061 664
1234476 664
1266447 664
1268007 664
1477305 664
1518022 664
1541473 664
1865977 664
1873327 664
2064645 664
2067346 664
2143660 664
2227507 664
2278065 664
2381545 664
2382066 664
2513903 664
2655492 664
2655778 664
2672145 664
2672553 664
2673018 664
2673028 664
2718791 664
2826124 664
2870987 664
2871051 664
2871052 664
2871053 664
2871189 664
2871291 664
2893152 664
2896394 664
2906134 664
2983490 664
3180577 664
3267355 664
3459745 664
3528472 664
3624064 664
3625563 664
3625566 664
3736620 664
3736621 664
3736622 664
3741119 664
3802153 664
3823219 664
3840218 664
3915988 664
664 665
66449 665
276901 665
390546 665
545448 665
1076603 665
1212061 665
1468222 665
1912250 665
2554039 665
3596114 665
657 666
665 666
672 666
390546 666
1212061 666
2494303 666
664 667
665 667
390546 667
1212061 667
2035788 667
2046185 667
2048933 667
2050185 667
2119287 667
3306258 667
3736622 667
3958906 667
1184735 668
4071630 668
3807932 669
1551948 670
390546 671
1212061 671
3486439 671
671 672
288805 672
936981 672
1212061 672
2038195 672
3591943 672
672 673
674 673
390546 673
1185280 673
1212061 673
1304820 673
2741965 673
2981855 673
3629104 673
3629986 673
672 674
673 674
390546 674
1185280 674
1212061 674
2871334 674
2871335 674
3573525 674
663 675
676 675
677 675
390546 675
1212061 675
2090022 675
2870933 675
2870933 676
677 678
3293571 678
3528655 678
3530817 678
3530818 678
3535022 678
3535421 678
3537043 678
679 680
1350377 680
682 681
683 682
4171861 682
3285420 683
682 684
545480 684
1208976 684
1535808 684
2782964 684
684 685
684 686
687 686
688 686
689 686
317849 686
544686 686
558050 686
558051 686
673353 686
685394 686
886596 686
1532562 686
2249196 686
3287909 686
686 687
11382 687
252797 687
528180 687
543255 687
186863 688
282784 688
707090 688
716896 688
878431 688
2038792 688
3887944 688
1180761 689
1185495 689
3350758 689
691 690
540515 691
1433267 691
3783700 691
690 692
694 693
693 694
695 696
3188230 696
3194525 696
3924669 696
695 697
3116529 697
699 698
700 698
640221 698
698 699
700 699
2870962 699
701 700
702 700
664650 700
825822 700
1150733 700
1380350 700
1672144 700
1929045 700
2048390 700
2051534 700
2081844 700
2081856 700
2368527 700
2435092 700
2435232 700
2435396 700
2499510 700
2658176 700
2658543 700
2788423 700
3402044 700
3413228 700
3666204 700
3681964 700
3703974 700
2057537 701
4070845 702
4071798 702
703 704
709 705
710 705
541503 705
833611 705
1459719 705
707 706
709 706
536015 706
546904 706
555256 706
706 707
709 707
546234 707
546278 707
646368 707
706 708
707 708
710 708
544906 708
934844 708
1083812 708
1233749 708
3209315 708
705 709
707 709
708 709
712 709
541788 709
545130 709
1254153 709
1254196 709
1254664 709
709 710
546221 710
709 711
541025 711
543316 711
544104 711
543413 712
713 714
715 714
540826 714
541730 714
542116 714
547288 714
547453 714
555063 714
3048584 714
2586697 715
718 716
183666 716
541976 716
543941 716
545116 716
716 717
543990 717
3962672 717
541545 718
542059 718
543941 718
545116 718
718 719
720 719
543941 719
545116 719
547425 719
722 721
726 722
541344 722
1314966 722
1404127 722
1536067 722
1813419 722
2062326 722
2108387 722
2842502 722
4142576 722
722 723
722 724
722 725
728 727
729 727
727 729
728 729
542630 729
542657 729
542783 729
543337 729
544248 729
1534674 729
1942329 729
2043803 729
731 730
733 730
1156236 730
730 731
732 731
1156236 731
730 732
731 732
1156236 732
1156246 733
1215789 733
2225791 733
2605601 733
3683507 733
3684308 733
735 734
542416 734
545065 734
2775097 734
738 736
36154 736
738 737
736 738
737 738
739 738
36153 738
36665 738
956214 738
4024186 738
36149 739
1007232 739
36154 741
743 742
35952 742
36667 742
742 743
2344331 744
746 745
747 745
748 745
749 745
783 745
2814886 745
745 746
745 747
745 748
745 749
2344332 750
2344333 751
2344334 752
2344335 753
2344336 755
1565245 756
1565245 760
1565245 761
763 762
783 762
956192 762
762 763
766 765
765 766
809 766
964 766
956655 766
4096406 766
4097080 766
411258 767
1065038 767
1065038 772
4098039 772
1065038 773
956449 774
956804 774
1064502 774
3786877 774
783 776
776 777
780 779
783 780
783 781
781 782
872 783
2444932 783
783 784
785 784
784 785
783 786
786 787
783 788
789 788
788 789
783 790
791 790
790 791
783 792
793 792
792 793
2350170 804
766 806
2346416 806
2346443 806
2346644 806
1155936 807
2812369 807
4096404 807
1565245 808
3891380 809
4096406 809
809 810
964 810
2583908 813
2346359 815
1139311 817
4005799 820
1565245 837
2346376 837
2349904 837
4096916 852
4098039 853
2345703 871
744 872
745 872
746 872
747 872
748 872
749 872
750 872
751 872
752 872
753 872
754 872
755 872
756 872
757 872
758 872
759 872
760 872
761 872
762 872
763 872
764 872
766 872
767 872
768 872
769 872
770 872
771 872
772 872
773 872
774 872
775 872
776 872
777 872
778 872
779 872
780 872
781 872
782 872
783 872
784 872
785 872
786 872
787 872
788 872
789 872
790 872
791 872
792 872
793 872
794 872
795 872
796 872
797 872
798 872
799 872
800 872
801 872
802 872
803 872
804 872
805 872
807 872
808 872
809 872
810 872
811 872
812 872
813 872
814 872
815 872
816 872
817 872
818 872
819 872
820 872
821 872
822 872
823 872
824 872
825 872
826 872
827 872
828 872
829 872
830 872
831 872
832 872
833 872
834 872
835 872
836 872
837 872
838 872
839 872
840 872
841 872
842 872
843 872
844 872
845 872
846 872
847 872
848 872
849 872
850 872
851 872
852 872
853 872
854 872
855 872
856 872
857 872
858 872
859 872
860 872
861 872
862 872
863 872
864 872
865 872
866 872
867 872
868 872
869 872
870 872
871 872
873 872
874 872
875 872
876 872
877 872
878 872
879 872
880 872
881 872
882 872
883 872
884 872
885 872
886 872
887 872
888 872
889 872
890 872
891 872
892 872
893 872
894 872
895 872
896 872
897 872
898 872
899 872
900 872
901 872
902 872
903 872
904 872
905 872
906 872
907 872
908 872
909 872
910 872
911 872
912 872
913 872
914 872
915 872
916 872
917 872
918 872
919 872
920 872
921 872
922 872
923 872
924 872
925 872
926 872
927 872
928 872
929 872
930 872
931 872
932 872
933 872
934 872
935 872
936 872
937 872
938 872
939 872
940 872
941 872
942 872
943 872
944 872
945 872
946 872
947 872
948 872
949 872
950 872
951 872
952 872
953 872
954 872
955 872
956 872
958 872
959 872
960 872
961 872
962 872
963 872
964 872
965 872
966 872
967 872
968 872
969 872
970 872
971 872
972 872
973 872
974 872
975 872
976 872
977 872
978 872
979 872
981 872
983 872
984 872
985 872
986 872
988 872
989 872
990 872
991 872
992 872
993 872
995 872
996 872
13335 872
13609 872
36060 872
140869 872
140955 872
231440 872
296632 872
539447 872
552873 872
781434 872
953106 872
953116 872
955143 872
955158 872
955190 872
955447 872
955474 872
955815 872
955850 872
955851 872
955896 872
955930 872
955937 872
955962 872
956110 872
956166 872
956192 872
956238 872
956299 872
956486 872
956503 872
956622 872
956624 872
956629 872
956643 872
956802 872
956807 872
956987 872
974144 872
986547 872
1006481 872
1063622 872
1064974 872
1064979 872
1107807 872
1138169 872
1138171 872
1138188 872
1138640 872
1138642 872
1138769 872
1138772 872
1138773 872
1254765 872
1274695 872
1274696 872
1274698 872
1274699 872
1274700 872
1308098 872
1308100 872
1312120 872
1331070 872
1369711 872
1474687 872
1547168 872
1565650 872
1566930 872
1613058 872
1613059 872
1613060 872
1613061 872
1613062 872
1613063 872
1613065 872
1613066 872
1613067 872
1613068 872
1613069 872
1613070 872
1638254 872
1638255 872
1638256 872
1638257 872
1638258 872
1638259 872
1638260 872
1841436 872
1966558 872
2110588 872
2113818 872
2157182 872
2230351 872
2230353 872
2230355 872
2258420 872
2258421 872
2258422 872
2342827 872
2342830 872
2342831 872
2342832 872
2342833 872
2342834 872
2342835 872
2342836 872
2342837 872
2342838 872
2342839 872
2342840 872
2342841 872
2342842 872
2342843 872
2342844 872
2342845 872
2342963 872
2343071 872
2343963 872
2346031 872
2346427 872
2346908 872
2347209 872
2348523 872
2349286 872
2351073 872
2351230 872
2351233 872
2351235 872
2351254 872
2351255 872
2429331 872
2429335 872
2444932 872
2444944 872
2444971 872
2453943 872
2453944 872
2453945 872
2510811 872
2512021 872
2512076 872
2512283 872
2539600 872
2539601 872
2541455 872
2541456 872
2541457 872
2541458 872
2541459 872
2541460 872
2541461 872
2541462 872
2541463 872
2541464 872
2541465 872
2541469 872
2554354 872
2554355 872
2791547 872
2808798 872
2812369 872
2814886 872
3017435 872
3017437 872
3017438 872
3021258 872
3035505 872
3035507 872
3434880 872
3575585 872
3588813 872
3588817 872
3620270 872
3630477 872
3664468 872
3665473 872
3665474 872
3666520 872
3724554 872
3759013 872
3772542 872
3772609 872
3786252 872
3793082 872
3890219 872
3890220 872
3890221 872
3891574 872
3893162 872
3893166 872
3893167 872
3909926 872
3909927 872
3909928 872
3909937 872
3909974 872
3910097 872
3910142 872
3910175 872
3910500 872
3910737 872
3910858 872
3964363 872
4022583 872
4024253 872
4024363 872
4051077 872
4077112 872
4092067 872
4093617 872
4096405 872
4097679 872
4179290 872
4179291 872
4179292 872
4179293 872
4181369 872
1565245 881
4098039 887
2346642 890
2346548 892
1565245 893
1565245 895
1565245 898
955288 901
1565245 904
2346636 905
2346635 906
1565245 907
1565245 908
2347178 909
1565245 911
1565245 913
2682092 913
956195 920
1565245 923
1565245 924
1565245 925
1565245 928
2347361 929
956657 930
1138074 930
1139311 930
956018 931
2344346 934
955248 935
955350 935
955261 936
955621 936
1565245 937
1064095 938
4098039 938
1064095 939
1064104 939
2323441 940
1064628 941
1138172 941
4098039 941
1466785 944
1565245 946
2344770 946
1565245 949
2347844 950
2349047 952
137158 953
2812812 954
1064097 955
1064965 955
1565845 955
4098039 955
1064965 956
766 957
36153 957
542489 957
2346487 957
3785042 957
3891380 957
956110 958
2346321 960
4035541 960
2815015 962
766 964
783 964
810 964
965 964
966 964
967 964
968 964
969 964
970 964
972 964
973 964
974 964
975 964
976 964
977 964
978 964
979 964
980 964
981 964
140313 964
140958 964
955143 964
2346639 964
2346644 964
2813154 964
964 965
956466 965
2347353 965
4096406 965
964 966
964 967
964 968
4096406 968
2346639 969
964 970
964 971
964 972
964 973
964 974
964 975
964 976
964 977
964 978
2815015 978
2346639 979
964 980
140313 980
2346639 981
3083677 981
981 982
2346639 982
3891380 982
783 983
983 984
983 985
986 987
568043 987
2342855 987
3802211 987
783 988
989 988
990 988
988 989
988 990
783 991
991 992
991 993
995 994
996 994
956390 994
2346424 994
4092773 994
546125 998
546152 998
2732035 998
3035508 998
4097080 998
998 999
998 1000
998 1001
998 1002
545886 1002
956230 1002
1204754 1002
1205135 1002
2733675 1002
2735695 1002
998 1003
36147 1003
541682 1003
4091927 1003
4024504 1004
35800 1005
3733426 1005
1005 1006
1007 1006
35774 1006
1153678 1007
3685657 1007
4062825 1007
1009 1008
33163 1008
35779 1008
1011 1009
35774 1009
35804 1009
2590775 1009
1221062 1010
1008 1011
1009 1011
1010 1011
35804 1011
969109 1011
1153678 1011
1572434 1011
2807183 1011
2807184 1011
3684779 1011
1151200 1012
1152728 1012
1012 1013
35855 1013
1153678 1013
1015 1014
1016 1014
1018 1014
3893398 1014
1014 1015
1016 1015
1024 1015
1016 1017
481434 1017
2809069 1017
1014 1018
1015 1018
1019 1018
1020 1018
1022 1018
1023 1018
1024 1018
1025 1018
1027 1018
35798 1018
999931 1018
2651254 1018
3893398 1018
1018 1019
1023 1019
1024 1019
1018 1020
1022 1020
1023 1020
449540 1020
1018 1021
1022 1021
3733342 1021
1018 1022
1019 1022
1020 1022
1021 1022
1023 1022
34839 1022
35798 1022
36400 1022
548978 1022
999931 1022
1143820 1022
2651254 1022
1018 1023
1019 1023
1020 1023
1021 1023
1022 1023
1024 1023
1025 1023
1027 1023
35798 1023
1460797 1023
2116991 1023
2590994 1023
2651254 1023
2806721 1023
1015 1024
1018 1024
1019 1024
1023 1024
1018 1025
1021 1025
1026 1025
3918459 1025
1018 1026
1023 1026
1024 1026
1025 1026
1029 1026
1030 1026
36368 1026
36400 1026
540183 1026
540843 1026
547165 1026
547593 1026
547669 1026
548125 1026
1136538 1026
1137495 1026
1137772 1026
1154771 1026
2038930 1026
2205840 1026
2206077 1026
2555859 1026
2811756 1026
3685029 1026
3785660 1026
4083219 1026
1023 1027
3733412 1027
3733452 1027
1025 1028
1026 1029
3685683 1029
548380 1030
4083214 1030
4083285 1030
1031 1032
1156216 1032
3677016 1032
3677030 1032
3915573 1032
1034 1033
1035 1033
1038 1033
36073 1033
36906 1033
1153613 1033
1038 1034
36906 1034
1153613 1034
2064588 1034
1038 1037
542489 1037
1156135 1037
1158524 1037
1038 1039
1041 1040
36918 1040
36911 1041
3894926 1041
1041 1042
1043 1042
32777 1042
33814 1042
3059782 1042
1046 1045
1047 1045
1157914 1045
1047 1046
3214931 1046
36947 1047
2825946 1047
3685209 1047
3685253 1047
3685310 1047
1186972 1048
3554047 1048
1048 1049
1050 1049
1153543 1049
1703017 1049
3348535 1049
3727165 1049
3756572 1049
1049 1051
355374 1051
981516 1051
1534242 1051
3208411 1051
1054 1053
188453 1053
192558 1053
194166 1053
199148 1053
199360 1053
200928 1053
202167 1053
202168 1053
221486 1053
221637 1053
341098 1053
354221 1053
882491 1053
914069 1053
2038200 1053
2763265 1055
2763265 1056
2763265 1057
3131494 1058
1060 1059
1061 1059
1062 1059
11985 1059
12569 1059
12757 1059
33430 1059
71842 1059
119226 1059
193468 1059
554508 1059
706100 1059
800008 1059
879956 1059
908569 1059
1162195 1059
1163904 1059
1189465 1059
1536370 1059
1538782 1059
1540942 1059
1621491 1059
1622077 1059
1639030 1059
1920959 1059
1969854 1059
1984377 1059
2336544 1059
2604499 1059
2722947 1059
3210797 1059
3680989 1059
3887508 1059
3929357 1059
4040249 1059
4128891 1059
1062 1060
33430 1060
800008 1060
2482341 1060
1352313 1061
1818489 1061
1060 1062
1061 1062
1063 1062
1065 1062
33430 1062
71842 1062
80018 1062
192612 1062
192740 1062
301361 1062
301448 1062
513624 1062
550596 1062
562153 1062
800008 1062
808591 1062
870868 1062
877577 1062
1184071 1062
1185233 1062
1187802 1062
1212313 1062
1217708 1062
1217881 1062
1218372 1062
1218484 1062
1218718 1062
1533326 1062
1535357 1062
1538782 1062
1832924 1062
2204126 1062
2332857 1062
2509461 1062
2533949 1062
2971307 1062
3013231 1062
3236846 1062
3236852 1062
3255147 1062
3665667 1062
3669434 1062
1061 1063
262566 1063
3013160 1065
1061 1066
1062 1066
611634 1066
800008 1066
923134 1066
1540034 1066
1840440 1066
2479561 1066
2509454 1066
2971307 1066
3023867 1066
3975881 1066
1059 1067
1062 1067
1064 1067
33430 1067
71842 1067
119226 1067
192557 1067
192668 1067
192677 1067
192713 1067
192731 1067
192755 1067
192757 1067
201422 1067
317343 1067
1538782 1067
1876380 1067
2683498 1067
2727494 1067
33087 1070
3880326 1070
1070 1071
1077 1071
33439 1071
1070 1072
1077 1072
34839 1072
3671267 1073
1070 1074
1071 1074
1072 1074
1073 1074
1075 1074
1077 1074
33350 1074
33439 1074
34839 1074
2445540 1074
3506064 1074
1076 1077
34839 1077
37158 1077
37209 1077
3898729 1077
1079 1078
1080 1078
163686 1078
391752 1079
475103 1079
3775065 1079
3894982 1079
1078 1080
1079 1080
33382 1080
385671 1080
385889 1080
391211 1080
391805 1080
392579 1080
395253 1080
523466 1080
1157715 1080
2177303 1080
4160695 1080
4161441 1080
1081 1082
1408278 1082
1408517 1082
1134237 1083
1083 1084
1085 1084
33415 1084
33416 1084
34502 1084
34576 1084
34839 1084
1083 1085
1084 1085
33369 1085
33416 1085
37173 1085
540187 1085
1086 1087
854567 1087
1540695 1087
1806318 1087
1090 1088
1088 1089
1090 1089
3290247 1089
1090 1091
1097 1091
286072 1091
1551200 1091
404060 1092
2089680 1092
1092 1093
405615 1093
416670 1093
1701573 1093
1092 1097
1094 1097
1095 1097
1096 1097
192052 1097
245560 1097
254620 1097
272392 1097
272418 1097
276019 1097
397921 1097
398646 1097
404054 1097
413033 1097
413096 1097
416664 1097
416716 1097
416978 1097
423528 1097
527863 1097
2038693 1097
2059755 1097
2184794 1097
2399633 1097
3574661 1097
2368248 1098
1098 1099
642447 1100
1917218 1100
2007576 1100
2725008 1100
1100 1101
1100 1103
1102 1103
99642 1103
546231 1103
546233 1103
546234 1103
546236 1103
546245 1103
546261 1103
546266 1103
546270 1103
555220 1103
696634 1103
1531024 1103
1887729 1103
2182235 1103
2600653 1103
3228288 1103
1105 1104
17237 1104
3858991 1104
3859162 1104
1104 1105
10054 1105
14000 1105
16587 1105
1104 1106
17213 1106
17605 1106
19016 1106
22015 1106
25567 1106
1110 1109
1337419 1109
3098189 1109
1109 1110
1111 1110
1112 1110
1113 1110
1114 1110
129835 1110
1137294 1110
1337042 1110
1337043 1110
1337046 1110
1337047 1110
2016218 1110
3063239 1110
3098189 1110
3140866 1110
3944320 1110
4032602 1110
4068186 1110
4068866 1110
1110 1111
1112 1111
1113 1111
1114 1111
1115 1111
2016218 1111
1111 1112
1113 1112
946735 1112
1110 1113
1111 1113
1112 1113
1114 1113
1116 1113
942453 1113
2016218 1113
3343827 1113
4164525 1113
1111 1114
1113 1114
1115 1114
1113 1116
3345990 1116
1114 1117
3195952 1117
3345859 1117
3346363 1117
4068673 1117
4068715 1117
4069355 1117
4072519 1117
1120 1118
1120 1119
1120 1121
1120 1122
1120 1123
1120 1124
1120 1125
1120 1126
14418 1126
1120 1127
1120 1128
3979467 1128
1120 1129
11317 1129
1120 1130
1120 1131
1120 1132
1120 1133
1120 1134
10563 1134
1120 1135
1120 1136
1120 1137
1120 1138
1120 1139
1511674 1139
1120 1140
1120 1141
1120 1142
1120 1143
1120 1144
8656 1144
17864 1144
592737 1144
592738 1144
1120 1145
592342 1145
592437 1145
1120 1146
1120 1147
1120 1148
8091 1148
1120 1149
8091 1149
1120 1150
8091 1150
3512410 1150
1120 1151
1120 1152
1120 1153
1120 1154
1120 1155
1120 1156
1155 1156
14878 1156
1988552 1156
2024651 1156
2059584 1156
2518755 1156
1120 1157
1158 1157
1120 1158
1157 1158
1120 1159
1120 1160
1159 1160
1159 1161
5541 1161
6589 1161
8909 1161
9962 1161
11754 1161
2024055 1161
3346559 1161
1464609 1162
1162 1163
1464609 1163
1169 1164
683417 1164
1916565 1164
1916566 1164
2041334 1164
2041927 1164
1164 1165
1167 1165
1169 1165
1171 1165
1173 1165
99852 1165
327553 1165
678733 1165
2042059 1165
2043259 1165
1164 1166
1165 1166
1167 1166
1169 1166
2042017 1166
2043286 1166
1163 1167
1165 1167
1166 1167
1169 1167
1171 1167
678735 1167
683181 1167
683182 1167
685429 1167
1720322 1167
1913060 1167
1967361 1167
3488941 1167
1169 1168
1170 1168
1171 1168
1172 1168
1173 1168
684118 1168
685429 1168
2007695 1168
2041418 1168
2041424 1168
2041429 1168
2041999 1168
3488947 1168
3491830 1168
3491905 1168
1168 1170
1169 1170
1173 1170
684118 1170
685429 1170
1165 1171
1167 1171
1169 1171
683232 1171
1897229 1171
1967361 1171
1967363 1171
2041465 1171
2247809 1171
1168 1172
1169 1172
1174 1172
685429 1172
1886911 1172
2611625 1172
3484117 1172
3488845 1172
3489047 1172
3490891 1172
3491933 1172
1166 1173
1168 1173
1169 1173
1170 1173
1171 1173
1172 1173
6583 1173
717634 1173
1169 1174
1172 1174
685429 1174
1886911 1174
3339316 1174
3488598 1174
1175 1176
3030369 1176
3395090 1176
3395091 1176
1178 1177
337332 1177
343609 1177
343616 1177
343620 1177
3395213 1177
1157053 1178
15312 1179
16910 1179
22331 1179
1179 1180
1182 1180
8934 1180
15312 1180
19056 1180
1182 1181
8934 1181
8934 1182
2899388 1183
2901714 1183
1610721 1184
2052553 1185
6977 1186
11624 1186
1239612 1186
2039166 1186
3455045 1186
1189 1187
1183744 1187
2045593 1187
1186 1188
1189 1188
547182 1188
3190053 1188
3723834 1188
1188 1189
311901 1189
2045593 1189
3723274 1189
1204 1202
1205 1202
1204 1203
1205 1203
1208 1203
1202 1204
1205 1204
3320186 1204
3322316 1204
1203 1205
1204 1205
1207 1205
1208 1205
1209 1205
310895 1205
2230569 1205
1205 1206
1205 1207
1208 1207
6591 1207
1203 1208
1204 1208
1205 1208
1207 1208
1209 1208
1205 1209
1208 1209
209733 1209
1205 1210
1211 1210
302701 1210
849083 1210
849213 1210
1216 1212
1217 1212
189670 1212
882693 1212
2446655 1212
2446664 1212
1217 1213
199221 1213
201596 1213
201921 1213
201978 1213
201981 1213
203962 1213
208093 1213
243287 1213
1216 1214
189670 1214
193111 1214
200078 1214
200575 1214
202518 1214
202637 1214
853960 1214
905208 1214
1212 1216
1214 1216
1215 1216
189670 1216
208078 1216
216619 1216
618768 1216
628401 1216
875877 1216
882693 1216
3410346 1216
4149059 1216
1212 1217
1216 1217
189670 1217
221484 1217
319705 1217
882693 1217
885661 1217
3990561 1217
4134453 1217
4134454 1217
4152438 1217
1217 1218
189670 1218
193095 1218
1220 1219
675242 1219
1219 1220
2137729 1220
2343428 1220
14004 1221
14488 1221
15957 1221
16640 1221
16706 1221
1221 1222
1223 1222
9184 1222
2343892 1222
1222 1223
2344246 1223
1225 1224
436317 1224
1227 1226
11555 1226
1540711 1226
1866859 1226
3191964 1226
9272 1227
11555 1227
15597 1227
1580622 1227
1229 1228
568501 1228
569528 1228
1033721 1228
1033721 1229
1229 1230
1348307 1230
1348993 1230
1233 1231
1466 1231
2368 1231
14358 1231
21258 1231
23808 1231
208925 1231
578616 1231
645768 1231
1100461 1231
1722880 1231
1793724 1231
2056326 1231
2287714 1231
2834836 1231
3233940 1231
3263229 1231
3690633 1231
1231 1232
1385363 1232
783001 1233
1561127 1233
1562068 1233
1874164 1233
2843651 1233
2917285 1233
1231 1234
393314 1234
1492808 1234
3292982 1234
3293110 1234
3298483 1234
3302163 1234
3302738 1234
3520721 1234
3521327 1234
1231 1235
1236 1235
1235 1236
654718 1236
3703555 1236
1236 1237
10139 1237
1808243 1237
3209316 1237
3215336 1237
3709949 1237
1239 1238
935060 1238
1241 1240
536253 1240
1852600 1240
1240 1241
536253 1241
1240 1242
1243 1242
1245 1242
536253 1242
1240 1243
536253 1243
1837354 1243
1242 1244
574547 1244
4128541 1245
2438702 1246
3064675 1246
3695562 1246
1246 1247
3117350 1247
3117562 1247
1246 1248
595086 1248
1569675 1248
3064675 1248
1246 1249
1017888 1249
1980769 1249
2811443 1249
1251 1250
727071 1250
739134 1250
1916175 1250
1259 1252
1163315 1252
2553505 1252
3152178 1252
4179694 1252
1252 1253
1254 1253
1252 1254
1253 1254
1252 1255
3413 1255
3914914 1255
1252 1256
1259 1256
1163315 1256
2657042 1256
1256 1257
1179905 1257
1180039 1257
4039294 1257
1256 1258
6602 1258
8762 1258
1180953 1258
1182652 1258
1186961 1258
1252 1259
1470921 1259
1261 1260
7316 1260
14543 1260
14786 1260
15721 1260
17299 1260
1262 1261
1157894 1262
1265 1263
12125 1263
35914 1263
3342686 1263
4071411 1263
1265 1264
1264 1265
660794 1265
1265 1266
1267 1266
1268 1266
674869 1266
1140145 1266
1543428 1266
1839926 1266
2038283 1266
2038284 1266
2038362 1266
2038571 1266
2693730 1266
3210317 1266
3213511 1266
4023468 1266
4023484 1266
4023498 1266
4056791 1266
4068206 1266
1271 1269
51145 1269
54805 1269
240322 1269
827050 1269
1152182 1269
3719469 1269
1271 1270
1269 1271
1152182 1271
3505999 1271
1271 1272
1277 1272
1135067 1272
2066342 1272
2066385 1272
3555577 1273
1277 1275
3965992 1275
3970253 1275
1277 1276
1273 1277
1274 1277
1839649 1277
2815477 1277
2903666 1277
3051033 1277
3554240 1277
3555983 1277
4057776 1277
4127636 1277
4128145 1277
1281 1278
6596 1278
9250 1278
1278 1279
1281 1279
6596 1279
9250 1279
19532 1279
337376 1279
2696411 1279
1281 1280
18325 1280
1169096 1281
1281 1282
14987 1282
16331 1282
18807 1282
675284 1282
726211 1282
737708 1282
745321 1282
746333 1282
748192 1282
748985 1282
1562418 1282
2006219 1282
2018247 1282
2023772 1282
2025195 1282
2038551 1282
2038911 1282
2038999 1282
2061463 1282
1284 1283
1291 1283
6399 1283
482002 1283
1283 1284
1285 1284
1287 1284
1291 1284
189679 1284
410688 1284
2490858 1284
1286 1287
1291 1288
63596 1288
72098 1288
72181 1288
1291 1289
1291 1290
2131761 1290
1446130 1291
1291 1292
420283 1292
1291 1293
2781413 1293
6597 1294
14008 1294
16901 1294
1295 1296
1297 1296
15741 1296
27223 1296
134722 1296
1299 1298
1300 1298
1995 1298
3280 1298
3493 1298
14570 1298
15931 1298
1431779 1298
3088599 1298
1298 1300
2210 1300
10979 1300
16785 1300
21255 1300
28066 1300
575187 1300
1534578 1300
2441475 1300
2479938 1300
2555686 1300
1303 1301
1830061 1301
1303 1302
587890 1302
1694132 1302
2758797 1302
2766276 1302
2767238 1302
2767271 1302
2767945 1302
1305 1304
1306 1304
27620 1304
2042493 1304
15957 1306
1308 1307
648997 1307
17042 1308
3483626 1308
1308 1309
15265 1309
17042 1309
17237 1309
1311 1310
796178 1310
2089704 1310
1308 1311
1310 1311
17042 1311
19929 1311
530848 1311
542124 1311
1534524 1311
2448123 1311
324878 1312
774303 1312
906857 1312
3836389 1312
1312 1313
1652066 1313
1656454 1313
1656455 1313
1656764 1313
1315 1314
1656 1314
544141 1314
544972 1314
2401599 1314
3864609 1314
1314 1315
1316 1315
2400974 1315
36589 1317
138647 1317
1156194 1317
1319 1318
33750 1318
36119 1318
2651795 1318
1317 1319
1318 1319
1846 1319
2048 1319
33834 1319
36589 1319
548277 1319
1157679 1319
1157841 1319
1157843 1319
1157844 1319
1198953 1319
1540296 1319
2447022 1319
3685731 1319
3746450 1319
1321 1320
1184142 1320
1214870 1320
3086865 1320
3089387 1320
3551675 1320
3914894 1320
1321 1322
3124937 1322
3157965 1322
3551675 1323
3558517 1323
1325 1324
392030 1324
398834 1324
405876 1324
1329 1328
1402 1328
3148216 1328
3700552 1328
1328 1329
14027 1329
15957 1329
3148216 1329
1331 1330
1325 1331
1333 1332
1093961 1332
2290336 1332
1335 1334
547528 1334
799041 1334
1839226 1334
2495858 1334
3227915 1334
3784000 1334
2495917 1335
2496305 1335
3922285 1335
1337 1338
1339 1338
1158514 1338
2386040 1338
3935165 1339
1342 1340
34946 1340
540180 1340
540193 1340
1342 1341
478172 1341
2418777 1342
3555571 1342
1342 1343
1396266 1343
1396363 1343
1342 1344
9272 1344
11497 1344
4008143 1345
1345 1346
195582 1346
1345 1347
17242 1347
17243 1347
1564856 1347
2038798 1347
2041333 1347
2042289 1347
2042290 1347
2045439 1347
2045853 1347
2059843 1347
3703832 1347
1350 1348
340874 1348
3554887 1348
3556953 1348
3557020 1348
3557695 1348
1350 1349
588500 1349
590132 1349
1044604 1349
2975374 1349
3985653 1349
1349 1350
588500 1350
1834190 1350
3556986 1350
3557695 1350
3985653 1350
1350 1351
185770 1351
3683459 1352
1354 1353
1355 1353
248936 1353
2604557 1353
1352 1354
1353 1354
1355 1354
14495 1354
27045 1354
695060 1354
1796331 1354
2030793 1354
2042938 1354
2749494 1354
3074620 1354
3214870 1354
3677789 1354
1354 1355
546928 1355
1796331 1355
3531340 1355
3857842 1355
1358 1357
2034184 1358
2893001 1359
1152248 1360
3437823 1360
1361 1362
1363 1364
140874 1364
1795727 1364
3814977 1364
1364 1365
1366 1365
533419 1365
555952 1365
567532 1365
806333 1365
1629588 1365
2329334 1365
2334501 1365
2402327 1365
2690662 1365
3343006 1365
3522015 1365
27522 1366
664941 1366
4051746 1366
1851 1367
1370 1369
411796 1369
421563 1369
1918 1370
2408 1370
2419 1370
14012 1370
14536 1370
15806 1370
17905 1370
99905 1370
138387 1370
409755 1370
410539 1370
410564 1370
411082 1370
732618 1370
1076875 1370
1177674 1370
2393732 1370
3624367 1370
1370 1371
1188744 1371
2398001 1371
2398145 1371
1371 1372
1175638 1372
1372 1373
433020 1373
1175956 1373
1712191 1373
2124215 1373
740343 1374
742700 1374
742937 1374
745521 1374
1379 1375
35925 1375
3685042 1375
1379 1376
36220 1376
36250 1376
36736 1376
1136238 1376
3681114 1376
3761997 1376
24924 1377
36411 1378
36736 1378
1136621 1378
1377 1379
1378 1379
1548 1379
1978 1379
1156194 1379
1157986 1379
1158023 1379
1158222 1379
3681027 1379
3681114 1379
3683686 1379
1326 1381
1539 1381
1963 1381
2599 1381
3271 1381
15577 1381
2605636 1381
2607265 1381
1383 1382
1384 1382
1385 1382
2154 1382
3230 1382
3266 1382
6918 1382
7145 1382
7184 1382
8356 1382
11509 1382
15957 1382
2560871 1382
3758989 1382
1385 1383
2154 1383
2817 1383
8356 1383
1382 1384
1385 1384
2154 1384
2958 1384
7135 1384
8356 1384
15957 1384
2038385 1384
2560871 1384
1386 1385
1390 1385
1393 1385
2139 1385
3248 1385
3662 1385
9309 1385
9665 1385
11600 1385
31188 1385
1186951 1385
1211427 1385
2560577 1385
3553845 1385
3583760 1385
3737628 1385
3958736 1385
2154 1386
8356 1386
1388 1387
1602 1387
2836 1387
3268 1387
14358 1387
2542284 1387
1387 1388
2094 1388
2542284 1388
1387 1389
1390 1389
1391 1389
1393 1389
1394 1389
1395 1389
1963 1389
2133 1389
2154 1389
2816 1389
2844 1389
3016 1389
3017 1389
3107 1389
3108 1389
7195 1389
8745 1389
15224 1389
15341 1389
15957 1389
24341 1389
3622763 1389
2154 1390
1163602 1390
1327 1391
1470 1391
2139 1391
2154 1391
2351 1391
15957 1391
1391 1392
1393 1392
1396 1392
3265 1392
973696 1392
2432702 1392
1392 1393
1394 1393
1395 1393
1396 1393
1406 1393
1442 1393
2089 1393
3241 1393
3265 1393
7184 1393
8357 1393
14789 1393
1393 1394
1395 1394
1396 1394
1401 1394
3265 1394
7184 1394
1394 1395
1396 1395
1401 1395
2154 1395
2963 1395
3265 1395
15957 1395
1393 1396
1394 1396
1395 1396
1401 1396
1406 1396
1442 1396
1787 1396
2154 1396
2294 1396
2988 1396
7184 1396
15957 1396
2299274 1396
2540388 1396
1393 1397
1401 1397
2154 1397
2956 1397
2965 1397
7145 1397
7180 1397
15957 1397
2038482 1397
1399 1398
2197 1398
1398 1399
2531 1399
3550 1399
12598 1399
1134604 1399
2562258 1399
3437651 1399
3446322 1399
1393 1400
1397 1400
1401 1400
1444 1400
2154 1400
2411 1400
2814 1400
3037 1400
3780 1400
15957 1400
1139858 1400
1467748 1400
1875000 1400
2038508 1400
2038798 1400
1390 1401
1393 1401
1394 1401
1395 1401
1397 1401
1398 1401
1399 1401
1403 1401
1404 1401
1405 1401
1406 1401
1408 1401
1894 1401
2074 1401
2828 1401
2843 1401
2849 1401
3610 1401
3778 1401
7126 1401
7184 1401
27628 1401
519633 1401
1143779 1401
1143971 1401
1328 1402
1386 1402
1391 1402
1395 1402
1612 1402
1732 1402
3570 1402
10119 1402
1845930 1402
2200638 1402
1408 1403
1401 1404
1403 1404
1405 1404
1406 1404
2154 1404
2245 1404
15957 1404
1404 1405
2072 1405
2109 1405
3268 1405
140085 1405
1396 1406
1401 1406
1403 1406
1408 1406
1139051 1406
1406 1407
2197 1407
1406 1408
1963 1409
3211 1409
4062825 1409
1412 1410
1413 1410
1414 1410
1460 1410
2154 1410
2680 1410
3013 1410
9033 1410
9272 1410
11509 1410
14345 1410
15957 1410
1542851 1410
1543188 1410
1815173 1410
2038807 1410
2788877 1410
3089073 1410
3289304 1410
3289390 1410
3530164 1410
1412 1411
2154 1411
2453 1411
3016 1411
9033 1411
9272 1411
15957 1411
1543188 1411
2038400 1411
1410 1412
1411 1412
1415 1412
2923 1412
3603 1412
8491 1412
9033 1412
9272 1412
1543323 1412
2316793 1412
3280051 1412
3557100 1412
2484 1413
3549 1413
12733 1413
1410 1414
1410 1415
1412 1415
1413 1415
1414 1415
1460 1415
2154 1415
2567 1415
2802 1415
2920 1415
2931 1415
2985 1415
3156 1415
3157 1415
3331 1415
3634 1415
3675 1415
6598 1415
6599 1415
7137 1415
8620 1415
9033 1415
9254 1415
9272 1415
9601 1415
14320 1415
14345 1415
15957 1415
1131148 1415
1489975 1415
1543186 1415
1543188 1415
1543384 1415
1839717 1415
2038287 1415
2038748 1415
3267551 1415
3289299 1415
3519385 1415
3557138 1415
1417 1416
2270 1416
3284 1416
27623 1416
27697 1416
27700 1416
27787 1416
27623 1417
1417 1419
2694 1419
3030 1419
3705 1419
9647 1419
10626 1419
11516 1419
16067 1419
1571 1420
2154 1420
2790436 1420
1422 1421
1423 1421
1424 1421
1571 1421
2154 1421
2557 1421
3075 1421
3095 1421
14320 1421
14649 1421
15957 1421
952048 1421
4022627 1421
1420 1422
1421 1422
1423 1422
1424 1422
136257 1422
2667274 1422
3675265 1422
4022627 1422
1421 1423
1422 1423
1424 1423
1571 1423
1422 1424
1571 1424
1427 1426
1428 1426
1604 1426
1747 1426
2048 1426
2217 1426
3271 1426
9256 1426
12040 1426
15320 1426
15707 1426
15937 1426
16333 1426
16340 1426
17965 1426
18463 1426
18660 1426
20879 1426
24714 1426
24870 1426
405828 1426
491517 1426
1537801 1426
1543784 1426
1800502 1426
1834824 1426
1969854 1426
2477485 1426
3083478 1426
3342743 1426
3508814 1426
3584373 1426
3950551 1426
1426 1427
1462 1427
2033 1427
2048 1427
2211 1427
2217 1427
2516 1427
2935 1427
3630 1427
8918 1427
10129 1427
10854 1427
11821 1427
12621 1427
14650 1427
14814 1427
16333 1427
16340 1427
16378 1427
17400 1427
18463 1427
18660 1427
18977 1427
22787 1427
24289 1427
24714 1427
546808 1427
708648 1427
837282 1427
942298 1427
1472725 1427
1542667 1427
1550909 1427
1800502 1427
1834824 1427
1907260 1427
2542162 1427
2607208 1427
2607387 1427
2657244 1427
3083478 1427
3212821 1427
3486154 1427
3512413 1427
3535087 1427
3552821 1427
3950551 1427
1736 1428
2154 1429
2775 1429
2996 1429
3095 1429
3602 1429
14348 1429
15957 1429
1256971 1429
4024186 1429
1681 1430
1963 1430
2154 1430
3044 1430
15957 1430
3559 1432
1169756 1432
3559 1433
3559 1434
3559 1435
3559 1436
3280 1437
2650 1438
3559 1438
36082 1438
2484 1439
3549 1439
1444 1440
2637 1440
8357 1440
242860 1440
3968864 1440
3969303 1440
1396 1441
2044 1441
2154 1441
2256 1441
2309 1441
2941 1441
7135 1441
7180 1441
8357 1441
15957 1441
2038739 1441
1393 1442
1394 1442
1395 1442
1396 1442
1401 1442
1406 1442
1470 1442
2079 1442
2154 1442
2248 1442
2332 1442
2558 1442
2724 1442
2745 1442
2772 1442
2843 1442
2864 1442
2997 1442
7167 1442
7184 1442
15957 1442
27628 1442
27810 1442
734059 1442
1139337 1442
1612 1443
2154 1443
2381 1443
2476 1443
2915 1443
2966 1443
3233 1443
15957 1443
1440 1444
1445 1444
1732 1444
1930 1444
2037 1444
3241 1444
1214650 1444
2507807 1444
4072069 1444
1444 1445
2037 1445
3264 1445
10118 1445
10965 1445
28088 1445
2507807 1445
1671 1446
1835 1446
3102 1446
2484 1447
3549 1447
2607261 1447
1447 1448
2154 1448
2331 1448
2370 1448
2533 1448
3309 1448
27938 1448
28055 1448
3731616 1448
1571 1449
2091 1449
2154 1449
2618 1449
3046 1449
7933 1449
8193 1449
9255 1449
9272 1449
12511 1449
15850 1449
15957 1449
20953 1449
883029 1449
1524438 1449
4032744 1449
4032821 1449
1451 1450
1452 1450
1470 1450
1536 1450
1774 1450
2095 1450
2400 1450
15957 1450
20429 1450
35311 1450
1452 1451
1869 1451
2484 1451
3549 1451
2484 1452
3549 1452
2332 1453
3255 1453
3256 1453
3356 1453
10866 1453
11758 1453
27652 1453
28382 1453
1492 1454
1498 1454
1512 1454
1517 1454
1519 1454
1521 1454
1523 1454
1524 1454
1535 1454
1601 1454
1633 1454
1640 1454
1655 1454
1706 1454
1715 1454
1717 1454
1744 1454
1745 1454
1771 1454
1783 1454
1790 1454
1834 1454
1846 1454
1859 1454
1868 1454
1879 1454
1880 1454
1881 1454
1883 1454
1885 1454
1887 1454
1888 1454
1889 1454
1890 1454
1896 1454
1897 1454
1901 1454
1903 1454
1905 1454
1906 1454
1913 1454
1915 1454
1918 1454
1919 1454
1920 1454
1923 1454
1931 1454
1942 1454
1944 1454
1947 1454
2025 1454
2039 1454
2053 1454
2065 1454
2071 1454
2074 1454
2079 1454
2082 1454
2083 1454
2085 1454
2089 1454
2092 1454
2093 1454
2102 1454
2105 1454
2114 1454
2115 1454
2134 1454
2151 1454
2157 1454
2159 1454
2161 1454
2165 1454
2191 1454
2260 1454
2267 1454
2367 1454
2399 1454
2416 1454
2751 1454
2760 1454
2818 1454
3270 1454
3274 1454
3295 1454
3314 1454
3387 1454
3612 1454
3665 1454
9440 1454
10945 1454
14346 1454
14982 1454
15561 1454
15582 1454
15583 1454
15598 1454
15698 1454
15711 1454
15954 1454
15956 1454
15958 1454
16447 1454
17468 1454
21227 1454
21637 1454
23099 1454
23944 1454
27629 1454
27633 1454
27635 1454
27639 1454
27715 1454
27747 1454
27764 1454
27769 1454
27770 1454
27773 1454
27777 1454
27784 1454
27789 1454
27793 1454
27796 1454
27799 1454
27800 1454
27802 1454
27804 1454
27805 1454
27807 1454
27809 1454
27814 1454
27818 1454
27821 1454
27823 1454
27825 1454
27827 1454
27828 1454
27829 1454
27830 1454
27835 1454
27836 1454
27840 1454
27841 1454
27842 1454
27848 1454
27851 1454
27863 1454
27865 1454
27866 1454
27880 1454
27885 1454
27888 1454
27895 1454
27899 1454
27902 1454
27908 1454
27909 1454
27917 1454
27919 1454
27926 1454
27932 1454
27936 1454
27937 1454
27940 1454
27941 1454
27950 1454
27953 1454
27963 1454
27965 1454
27978 1454
28011 1454
28018 1454
28022 1454
28035 1454
28059 1454
28060 1454
28061 1454
28074 1454
28137 1454
28250 1454
28272 1454
28637 1454
28651 1454
28674 1454
30789 1454
575094 1454
575260 1454
980383 1454
1144810 1454
1211438 1454
1211439 1454
1211440 1454
1803201 1454
2485209 1454
2605623 1454
2605727 1454
2605738 1454
2605740 1454
2605743 1454
2605745 1454
2605747 1454
2605748 1454
2606257 1454
2606650 1454
2606718 1454
2606742 1454
2607209 1454
2607302 1454
2607352 1454
2973726 1454
3919347 1454
4163364 1454
1029 1455
1478 1455
1479 1455
1539 1455
1540 1455
1541 1455
1543 1455
1613 1455
1615 1455
1645 1455
1792 1455
1830 1455
1849 1455
1850 1455
1851 1455
1852 1455
1853 1455
1930 1455
1994 1455
2005 1455
2014 1455
2016 1455
2017 1455
2023 1455
2033 1455
2054 1455
2060 1455
2062 1455
2089 1455
2095 1455
2116 1455
2117 1455
2118 1455
2154 1455
2194 1455
2195 1455
2268 1455
2297 1455
2298 1455
2300 1455
2303 1455
2306 1455
2308 1455
2310 1455
2311 1455
2331 1455
2332 1455
2342 1455
2348 1455
2356 1455
2360 1455
2363 1455
2364 1455
2365 1455
2367 1455
2370 1455
2406 1455
2409 1455
2411 1455
2415 1455
2459 1455
2479 1455
2495 1455
2514 1455
2533 1455
2551 1455
2559 1455
2578 1455
2580 1455
2652 1455
2659 1455
2660 1455
2661 1455
2662 1455
2663 1455
2664 1455
2668 1455
2689 1455
2716 1455
2733 1455
2776 1455
2891 1455
2896 1455
2897 1455
2928 1455
2984 1455
3114 1455
3115 1455
3116 1455
3146 1455
3147 1455
3148 1455
3160 1455
3165 1455
3176 1455
3257 1455
3258 1455
3274 1455
3284 1455
3291 1455
3293 1455
3318 1455
3333 1455
3415 1455
3460 1455
3549 1455
3592 1455
3708 1455
8362 1455
8676 1455
8810 1455
9033 1455
9150 1455
9255 1455
9272 1455
9416 1455
10944 1455
10946 1455
11509 1455
14029 1455
14056 1455
14116 1455
14324 1455
14348 1455
14429 1455
14502 1455
14581 1455
14643 1455
14649 1455
14652 1455
14667 1455
14789 1455
15059 1455
15222 1455
15302 1455
15536 1455
15613 1455
15618 1455
15919 1455
15920 1455
15957 1455
15958 1455
15961 1455
16005 1455
16186 1455
16358 1455
16388 1455
16694 1455
17468 1455
17603 1455
17828 1455
17838 1455
18370 1455
18546 1455
18559 1455
19089 1455
19370 1455
22237 1455
22752 1455
24711 1455
26611 1455
27619 1455
27628 1455
27630 1455
27636 1455
27639 1455
27642 1455
27645 1455
27646 1455
27695 1455
27696 1455
27698 1455
27700 1455
27760 1455
27780 1455
27810 1455
27854 1455
27891 1455
27892 1455
27893 1455
27900 1455
27928 1455
27944 1455
27949 1455
27990 1455
28003 1455
28009 1455
28010 1455
28027 1455
28055 1455
28062 1455
28063 1455
28080 1455
28086 1455
28091 1455
28097 1455
28145 1455
28194 1455
28203 1455
28249 1455
28294 1455
28382 1455
28395 1455
28428 1455
28461 1455
28568 1455
28625 1455
28664 1455
31360 1455
36546 1455
43185 1455
340750 1455
431436 1455
526166 1455
526169 1455
576055 1455
641970 1455
741033 1455
1134503 1455
1184986 1455
1211468 1455
1212665 1455
1213179 1455
1213486 1455
1213697 1455
1214648 1455
1214768 1455
1214895 1455
1216236 1455
1219310 1455
1934479 1455
1934630 1455
2038337 1455
2038422 1455
2039045 1455
2039079 1455
2039136 1455
2093880 1455
2094704 1455
2150001 1455
2203215 1455
2607161 1455
2679483 1455
2679488 1455
2692350 1455
2714265 1455
2715336 1455
3054209 1455
3054340 1455
3056050 1455
3058979 1455
3184859 1455
3291008 1455
3437578 1455
3437697 1455
3438532 1455
3439290 1455
3439389 1455
3441426 1455
3827682 1455
3880273 1455
3958651 1455
4049646 1455
4128296 1455
14079 1456
14774 1456
16994 1456
16999 1456
18791 1456
18799 1456
19966 1456
21283 1456
545750 1456
698174 1456
708061 1456
2061450 1456
3687072 1456
3928523 1456
1910 1457
1963 1457
2154 1457
2334 1457
2354 1457
2368 1457
2370 1457
2395 1457
2412 1457
2427 1457
2558 1457
2813 1457
2825 1457
2845 1457
2859 1457
2932 1457
2938 1457
2979 1457
3270 1457
3311 1457
3312 1457
3319 1457
3567 1457
3869 1457
3924 1457
8745 1457
14348 1457
14834 1457
15341 1457
15557 1457
15582 1457
15697 1457
15954 1457
15957 1457
27632 1457
27709 1457
27820 1457
27958 1457
28061 1457
28065 1457
28266 1457
28654 1457
30102 1457
827047 1457
931904 1457
2038449 1457
2038699 1457
2038906 1457
2039144 1457
2606719 1457
2871351 1457
3055966 1457
3437679 1457
3512299 1457
3631880 1457
3914494 1457
1442 1458
1706 1458
1891 1458
1892 1458
2471 1458
2827 1458
2920 1458
2921 1458
3241 1458
3588 1458
3638 1458
6067 1458
8392 1458
10219 1458
11081 1458
12257 1458
12729 1458
12805 1458
14352 1458
14789 1458
27043 1458
27090 1458
28141 1458
128483 1458
129294 1458
138003 1458
665588 1458
674081 1458
674476 1458
744678 1458
876496 1458
955755 1458
955994 1458
1214614 1458
1349147 1458
1376896 1458
1537626 1458
1564026 1458
1613844 1458
1801770 1458
1894627 1458
1998953 1458
2011066 1458
2020418 1458
2049888 1458
2052685 1458
2093537 1458
2105179 1458
2243289 1458
2248787 1458
2474247 1458
2687813 1458
2899322 1458
3060390 1458
3073384 1458
3073875 1458
3074088 1458
3074624 1458
3088133 1458
3256248 1458
3287204 1458
3390647 1458
3438192 1458
3500984 1458
3501299 1458
3676952 1458
3700137 1458
4164084 1458
1460 1459
1734 1459
2154 1459
2295 1459
2732 1459
2986 1459
3124 1459
3249 1459
3250 1459
14345 1459
15957 1459
26674 1459
27126 1459
2794195 1459
3290360 1459
1735 1460
1460 1461
1462 1461
2154 1461
2991 1461
3250 1461
3276 1461
6622 1461
8635 1461
14345 1461
15957 1461
27031 1461
3086254 1461
3737237 1461
1460 1462
1463 1462
1714 1462
2154 1462
2531 1462
2563 1462
2738 1462
3249 1462
3250 1462
3276 1462
3609 1462
3630 1462
3643 1462
8635 1462
14345 1462
14552 1462
14649 1462
15957 1462
27031 1462
27780 1462
1356850 1462
1542851 1462
1543188 1462
3210582 1462
3723964 1462
1460 1463
1464 1463
1739 1463
2154 1463
2603 1463
14345 1463
15957 1463
27108 1463
231064 1463
1840314 1463
3537573 1463
1439 1464
1460 1464
1462 1464
1463 1464
1576 1464
1724 1464
1736 1464
1743 1464
1745 1464
1749 1464
1963 1464
2154 1464
2249 1464
2303 1464
2405 1464
2981 1464
3236 1464
3249 1464
3250 1464
3274 1464
9033 1464
9272 1464
9320 1464
11335 1464
11509 1464
14345 1464
14644 1464
14649 1464
15957 1464
27780 1464
28135 1464
565140 1464
1253321 1464
1253323 1464
1542851 1464
1543187 1464
1543188 1464
1752672 1464
1753012 1464
1840059 1464
1840060 1464
1840065 1464
1840314 1464
2039147 1464
2518341 1464
3215298 1464
3289320 1464
3521327 1464
1576 1465
1776 1465
2095 1465
27108 1465
2652488 1465
2442 1466
3042 1466
21285 1466
28048 1466
960112 1466
2933376 1466
3047976 1466
1706 1467
1707 1467
1467 1468
1641 1468
1670 1468
1752 1468
1765 1468
2223 1468
2233 1468
2281 1468
3584 1468
6126 1468
6142 1468
9567 1468
12738 1468
14016 1468
14623 1468
15168 1468
15308 1468
15570 1468
15577 1468
15925 1468
16068 1468
16070 1468
16071 1468
16382 1468
16552 1468
17161 1468
17171 1468
18891 1468
27782 1468
27996 1468
28298 1468
28712 1468
32411 1468
288394 1468
398283 1468
665309 1468
726200 1468
2038629 1468
2038772 1468
2038878 1468
2597343 1468
2597377 1468
2750156 1468
2917633 1468
3088599 1468
3528747 1468
3560175 1468
3827683 1468
4177477 1468
1817 1469
1999 1469
2133 1469
3259 1469
3280 1469
3290 1469
3355 1469
3535 1469
8134 1469
14981 1469
15932 1469
22231 1469
28548 1469
1533595 1469
1901552 1469
3286070 1469
15850 1470
20429 1470
575066 1470
1472 1471
1473 1471
1774 1471
1930 1471
1932 1471
2095 1471
3432 1471
15957 1471
1221980 1471
3584677 1471
1471 1472
1774 1472
1778 1472
2095 1472
3432 1472
15893 1472
2484 1473
3549 1473
1475 1474
1511 1474
1858 1474
1878 1474
1890 1474
1892 1474
1895 1474
1139456 1474
4023498 1474
4024011 1474
4024067 1474
1607 1475
1890 1475
3549 1475
15958 1475
17468 1475
527867 1475
575084 1475
1538 1476
2484 1476
3549 1476
3280 1477
234734 1477
234735 1477
597594 1477
754786 1477
1479 1478
1478 1479
3280 1479
1551 1480
1578 1480
1669 1480
1869 1480
2119 1480
2124 1480
395937 1480
1156139 1480
4023784 1480
1460 1481
1463 1481
1576 1481
1669 1481
1694 1481
1695 1481
1740 1481
1792 1481
1826 1481
2095 1481
2154 1481
2245 1481
2289 1481
2374 1481
2966 1481
3122 1481
3123 1481
14345 1481
15957 1481
33493 1481
35918 1481
36233 1481
894036 1481
930868 1481
1131148 1481
1540739 1481
1542824 1481
1839571 1481
1839686 1481
1839687 1481
1839788 1481
1839801 1481
1839810 1481
1840218 1481
1840219 1481
1840233 1481
1840431 1481
1860703 1481
1860704 1481
1860705 1481
1860706 1481
1860707 1481
1860709 1481
2038393 1481
2038537 1481
2039049 1481
2039113 1481
3289300 1481
3289715 1481
3290360 1481
3291146 1481
3291157 1481
1468 1482
1483 1482
1731 1482
1745 1482
1819 1482
2318 1482
2642 1482
3280 1482
3437 1482
3449 1482
10249 1482
15670 1482
15925 1482
17445 1482
19329 1482
684601 1482
2749090 1482
3084566 1482
3528040 1482
3862410 1482
3862438 1482
3862439 1482
1482 1483
1731 1483
1789 1483
2318 1483
2641 1483
2642 1483
2906 1483
3278 1483
3280 1483
3437 1483
3449 1483
3457 1483
3508 1483
10249 1483
15320 1483
15524 1483
15577 1483
15670 1483
15925 1483
17445 1483
18627 1483
19329 1483
20507 1483
21675 1483
23165 1483
398283 1483
684601 1483
726166 1483
1727094 1483
2039478 1483
2040511 1483
2052316 1483
2059114 1483
2141949 1483
2241590 1483
2749090 1483
3084556 1483
3089301 1483
3528040 1483
3669375 1483
3862161 1483
3862410 1483
3862417 1483
3862438 1483
3862439 1483
3863019 1483
1731 1484
1774 1484
1987 1484
2095 1484
2154 1484
2494 1484
2546 1484
3278 1484
3509 1484
15957 1484
3084190 1484
3084195 1484
4023780 1484
1589 1485
2195 1485
2345 1485
3415 1485
9254 1485
9255 1485
9272 1485
9655 1485
22285 1485
578987 1485
3914899 1485
3915124 1485
3915156 1485
2095 1486
15957 1486
3914914 1486
1521 1487
2095 1487
15957 1487
3148272 1487
3907697 1487
3914914 1487
1487 1488
1489 1488
1490 1488
1499 1488
1510 1488
1511 1488
1512 1488
1513 1488
1514 1488
1517 1488
1518 1488
1519 1488
1520 1488
1521 1488
1522 1488
1526 1488
1528 1488
1529 1488
1531 1488
1875 1488
1876 1488
1882 1488
1883 1488
1887 1488
1897 1488
1913 1488
1928 1488
1939 1488
1943 1488
2091 1488
2102 1488
3268 1488
3273 1488
3362 1488
3367 1488
3368 1488
3369 1488
3375 1488
3376 1488
3377 1488
3378 1488
3379 1488
3380 1488
3381 1488
3382 1488
3383 1488
3384 1488
3385 1488
3420 1488
3427 1488
3473 1488
3494 1488
14346 1488
14356 1488
14880 1488
16063 1488
17509 1488
23548 1488
28110 1488
540146 1488
540332 1488
2054071 1488
2244495 1488
3512679 1488
3914908 1488
3915081 1488
3915463 1488
4023398 1488
4023549 1488
1526 1489
2095 1489
15957 1489
3914914 1489
2095 1490
15957 1490
3914914 1490
1492 1491
1493 1491
1491 1492
1493 1492
1494 1492
2079 1492
3381 1492
1607276 1492
1491 1493
1492 1493
2605722 1493
1492 1494
1493 1494
1495 1494
1607 1494
1610 1494
1881 1494
2079 1494
2080 1494
2750 1494
2754 1494
3373 1494
3381 1494
3414 1494
3499 1494
3549 1494
10544 1494
14982 1494
15563 1494
15960 1494
21893 1494
2973726 1494
3798951 1494
1454 1495
1489 1495
1490 1495
1496 1495
1497 1495
1498 1495
1499 1495
1501 1495
1502 1495
1513 1495
1518 1495
1520 1495
1521 1495
1525 1495
1531 1495
1880 1495
2089 1495
2091 1495
2590 1495
3375 1495
3379 1495
3384 1495
3385 1495
3386 1495
3387 1495
3397 1495
14789 1495
15620 1495
20951 1495
22932 1495
23069 1495
76393 1495
2101322 1495
2605623 1495
2605728 1495
2605738 1495
2605745 1495
2606277 1495
2606553 1495
2606731 1495
2607068 1495
2607264 1495
2607598 1495
3685385 1495
3714012 1495
3919347 1495
1497 1496
1503 1496
1505 1496
1506 1496
1736 1496
1929 1496
2095 1496
2590 1496
3273 1496
3367 1496
3384 1496
3389 1496
3414 1496
14789 1496
1220267 1496
1801399 1496
2606508 1496
2747616 1496
3731467 1496
3915199 1496
1496 1497
2095 1497
14345 1497
15957 1497
3914914 1497
1495 1498
1520 1498
2089 1498
1158183 1498
2044 1499
2095 1499
3384 1499
15957 1499
1153632 1499
3914914 1499
2044 1500
2095 1500
3414 1500
15957 1500
676675 1500
2373375 1500
3919614 1500
2095 1501
3384 1501
15957 1501
1470 1502
1501 1502
1512 1502
1526 1502
1872 1502
1881 1502
1963 1502
2043 1502
2044 1502
2045 1502
2103 1502
2485 1502
2506 1502
3366 1502
3368 1502
3369 1502
3384 1502
3385 1502
3398 1502
3400 1502
3404 1502
3405 1502
3413 1502
3414 1502
3500 1502
3611 1502
15957 1502
22881 1502
1157678 1502
1157715 1502
3683517 1502
3685385 1502
3914914 1502
3919347 1502
3967919 1502
3969080 1502
3969144 1502
3969867 1502
3986990 1502
1519 1503
1817 1503
2089 1503
14016 1503
2605722 1503
2952980 1503
3289800 1503
4189215 1503
1508 1504
1518 1504
1735 1504
1736 1504
1963 1504
2095 1504
3388 1504
14345 1504
15957 1504
1496 1505
1736 1505
2095 1505
3384 1505
14345 1505
3914914 1505
1496 1506
1505 1506
1519 1506
1735 1506
1736 1506
1881 1506
1928 1506
1952 1506
2095 1506
3384 1506
3391 1506
14345 1506
15957 1506
676693 1506
676700 1506
1310900 1506
1821733 1506
2485191 1506
2607254 1506
3084887 1506
3662281 1506
3914914 1506
1489 1507
1496 1507
1508 1507
1519 1507
1521 1507
1530 1507
2096 1507
574538 1507
1144908 1507
4023498 1507
4023506 1507
4024050 1507
4024065 1507
1504 1508
1507 1508
1518 1508
1519 1508
1736 1508
3384 1508
3548 1508
15320 1508
2606933 1508
1521 1509
1883 1509
1897 1509
1913 1509
2091 1509
941883 1509
1521 1510
1523 1510
2095 1510
15957 1510
676693 1510
957093 1510
1138910 1510
3914914 1510
1521 1511
1888 1511
2095 1511
2485 1511
15957 1511
3967575 1511
3969850 1511
2095 1512
15957 1512
3914914 1512
1486 1513
1520 1513
1521 1513
1526 1513
2095 1513
15957 1513
2235087 1513
3914914 1513
3919470 1513
3919471 1513
1515 1514
1521 1514
2095 1514
15957 1514
1195527 1514
1195528 1514
2095 1515
15957 1515
1195528 1515
1139482 1516
1516 1517
1906 1517
2095 1517
14345 1517
15957 1517
676693 1517
1221013 1517
3088922 1517
1508 1518
1735 1518
1736 1518
1912 1518
1933 1518
2095 1518
3426 1518
14345 1518
15957 1518
676685 1518
1998685 1518
3084978 1518
1503 1519
1506 1519
1507 1519
1508 1519
1518 1519
1521 1519
1522 1519
1523 1519
1634 1519
1735 1519
1736 1519
1879 1519
1881 1519
1902 1519
1910 1519
1919 1519
1925 1519
1933 1519
2089 1519
2095 1519
2096 1519
2104 1519
2260 1519
2263 1519
2323 1519
2485 1519
3384 1519
3391 1519
14017 1519
14345 1519
14356 1519
14649 1519
15745 1519
15756 1519
15955 1519
15957 1519
15968 1519
22122 1519
27096 1519
540145 1519
676693 1519
676701 1519
676723 1519
1793792 1519
2037797 1519
2038349 1519
3072034 1519
3084889 1519
3084890 1519
3085294 1519
3914914 1519
1454 1520
1470 1520
1475 1520
1477 1520
1488 1520
1489 1520
1495 1520
1498 1520
1499 1520
1501 1520
1508 1520
1513 1520
1514 1520
1516 1520
1519 1520
1521 1520
1522 1520
1523 1520
1524 1520
1525 1520
1526 1520
1528 1520
1531 1520
1535 1520
1546 1520
1608 1520
1634 1520
1643 1520
1657 1520
1720 1520
1823 1520
1875 1520
1879 1520
1881 1520
1882 1520
1883 1520
1887 1520
1890 1520
1892 1520
1894 1520
1896 1520
1898 1520
1901 1520
1902 1520
1903 1520
1904 1520
1906 1520
1907 1520
1912 1520
1919 1520
1925 1520
1929 1520
1933 1520
1942 1520
2005 1520
2026 1520
2079 1520
2089 1520
2090 1520
2094 1520
2095 1520
2096 1520
2102 1520
2103 1520
2104 1520
2214 1520
2236 1520
2323 1520
2387 1520
2483 1520
2594 1520
2679 1520
3273 1520
3277 1520
3345 1520
3361 1520
3382 1520
3384 1520
3391 1520
3404 1520
3414 1520
3425 1520
3611 1520
3644 1520
3703 1520
3704 1520
3890 1520